  421.59312     13.45912     -6.36864  
   13.45912    260.40956    -39.33521  
   -6.36864    -39.33521    212.02226  
  422.36059     13.07928     -6.15173  
   13.07928    259.57308    -38.65672  
   -6.15173    -38.65672    212.10784  
  422.28933     12.56068     -5.75969  
   12.56068    259.11684    -38.12368  
   -5.75969    -38.12368    212.39407  
  421.44753     11.92634     -5.45400  
   11.92634    258.49941    -36.91505  
   -5.45400    -36.91505    213.25232  
  420.04602     11.19738     -5.05063  
   11.19738    257.97862    -35.53911  
   -5.05063    -35.53911    214.38175  
  418.52776     10.41912     -4.46227  
   10.41912    257.57237    -34.26243  
   -4.46227    -34.26243    215.58869  
  416.11025      9.51773     -3.89008  
    9.51773    257.15839    -32.44366  
   -3.89008    -32.44366    217.35263  
  413.28266      8.50783     -3.22054  
    8.50783    256.81518    -30.45542  
   -3.22054    -30.45542    219.41553  
  409.97521      7.39418     -2.45081  
    7.39418    256.52874    -28.25563  
   -2.45081    -28.25563    221.83392  
  406.29499      6.16881     -1.57463  
    6.16881    256.29011    -25.87312  
   -1.57463    -25.87312    224.55533  
  402.14701      4.80326     -0.62212  
    4.80326    256.11902    -23.27446  
   -0.62212    -23.27446    227.60491  
  397.73168      3.32824      0.43041  
    3.32824    255.94679    -20.47455  
    0.43041    -20.47455    230.93938  
  392.93042      1.66111      1.52958  
    1.66111    255.79331    -17.33366  
    1.52958    -17.33366    234.56443  
  387.91818     -0.21227      2.69244  
   -0.21227    255.61388    -13.83829  
    2.69244    -13.83829    238.43213  
  382.82560     -2.32128      3.93281  
   -2.32128    255.37964     -9.96772  
    3.93281     -9.96772    242.50269  
  377.79304     -4.68397      5.26866  
   -4.68397    255.07117     -5.73554  
    5.26866     -5.73554    246.73134  
  372.91491     -7.30486      6.71269  
   -7.30486    254.69820     -1.19380  
    6.71269     -1.19380    251.07158  
  368.25680    -10.16127      8.27128  
  -10.16127    254.27550      3.57049  
    8.27128      3.57049    255.47647  
  363.81714    -13.22651      9.93640  
  -13.22651    253.82862      8.47743  
    9.93640      8.47743    259.91249  
  359.55853    -16.41876     11.68235  
  -16.41876    253.43193     13.39365  
   11.68235     13.39365    264.33019  
  355.20601    -19.67855     13.51042  
  -19.67855    253.17149     18.19583  
   13.51042     18.19583    268.78751  
  350.91091    -22.89049     15.37018  
  -22.89049    253.04400     22.76620  
   15.37018     22.76620    273.16801  
  346.39073    -26.02422     17.30669  
  -26.02422    253.10189     27.04826  
   17.30669     27.04826    277.57584  
  341.79864    -29.00244     19.28647  
  -29.00244    253.32632     30.95863  
   19.28647     30.95863    281.90517  
  337.31779    -31.82084     21.31896  
  -31.82084    253.59290     34.55528  
   21.31896     34.55528    286.09917  
  333.30366    -34.59776     23.32743  
  -34.59776    253.70929     38.12855  
   23.32743     38.12855    290.03897  
  329.94930    -37.37111     25.27225  
  -37.37111    253.57688     41.77331  
   25.27225     41.77331    293.68923  
  327.16273    -39.94414     27.12406  
  -39.94414    253.33818     45.16881  
   27.12406     45.16881    296.97051  
  324.68604    -42.26111     28.87291  
  -42.26111    253.08471     48.25223  
   28.87291     48.25223    299.94190  
  322.33173    -44.22722     30.51137  
  -44.22722    252.89599     50.92336  
   30.51137     50.92336    302.61837  
  320.09213    -45.79000     32.00673  
  -45.79000    252.78141     53.18230  
   32.00673     53.18230    304.98627  
  318.16299    -46.86317     33.29190  
  -46.86317    252.65355     55.00842  
   33.29190     55.00842    306.95943  
  317.60728    -48.03066     34.33819  
  -48.03066    252.12969     56.88125  
   34.33819     56.88125    308.44293  
  317.60954    -48.87797     35.14643  
  -48.87797    251.51438     58.44302  
   35.14643     58.44302    309.52063  
  317.68247    -49.67907     35.86327  
  -49.67907    251.04076     59.58523  
   35.86327     59.58523    310.36938  
  317.87750    -50.25371     36.40366  
  -50.25371    250.63457     60.34858  
   36.40366     60.34858    310.93880  
  318.02045    -50.38743     36.70763  
  -50.38743    250.30417     60.73073  
   36.70763     60.73073    311.24669  
